IRIDIUM 46
1 24905U 97043C   06156.95202693 -.00000098 +00000-0 -42041-4 0 03096
2 24905 086.3950 139.6218 0002577 081.3014 278.8479 14.34216257460315
IRIDIUM 19
1 24965U 97056A   06156.64174899 +.00000089 +00000-0 +24565-4 0 02704
2 24965 086.3982 202.6340 0002502 087.0211 273.1272 14.34218170454995
IRIDIUM 45
1 25104U 97082A   06156.94568513 -.00000066 +00000-0 -30782-4 0 02101
2 25104 086.3948 139.5002 0002572 081.8337 278.3177 14.34216316442857
IRIDIUM 62
1 25285U 98021A   06156.80272562 -.00000011 +00000-0 -10877-4 0 02064
2 25285 086.3930 107.9457 0002547 077.0904 283.0587 14.34217234427480
IRIDIUM 65
1 25288U 98021D   06156.40314143 -.00000018 +00000-0 -13498-4 0 02143
2 25288 086.3932 108.0974 0002569 078.1760 281.9723 14.34216685427429
IRIDIUM 20
1 25577U 98074A   06156.47633086 +.00000034 +00000-0 +50624-5 0 01080
2 25577 086.3950 139.6023 0002551 081.6945 278.4555 14.34217005390857
